2.703125	215.25	30.25
62.62891	211.25	29.75
122.6602	212	28.75
182.7129	214.5	29.25
242.7617	218	29.75
302.8086	219.5	30
362.8496	220.75	30.25
422.9004	221	30.25
482.9395	218.25	29.75
542.9844	218.5	29.25
603.0332	220	29.25
663.0957	223	29.75
723.1328	224.5	30.25
783.1738	226	29.75
843.209	224	29.75
903.2676	223	29.5
963.3125	224.25	29.5
1023.346	226.75	29.5
1083.393	229	30.25
1143.443	229.75	30.25
1203.492	229.75	30.25
1263.543	226.5	30
1323.58	225.25	29.25
1383.623	227.25	29.5
1443.678	229.5	29.75
1503.709	233.25	30.25
1563.76	234	30
1623.811	233	30
1683.857	230.25	30
1743.895	229	29
1803.943	231	29.5
1863.988	233.25	29.75
1924.037	235.75	29.25
1984.084	237.25	30.75
2044.135	235.75	30.25
2104.174	233	29.75
2164.213	232	29.75
2224.264	235	30
2284.314	236.75	30.25
2344.361	238.75	30.5
2404.396	239.25	30.5
2464.443	235	30
2524.49	234	29.75
2584.541	234.5	29.5
2644.584	237	29
2704.631	239.25	30
2764.674	241.5	30
2824.721	242.5	30.25
2884.764	238.25	30.25
2944.807	235.5	29.5
3004.857	236.5	29.5
3064.9	239.75	29.75
3124.943	241.25	30.25
3185.002	243.75	30.5
3245.045	242.25	31
3305.076	238.5	30.25
3365.127	237.5	29.75
3425.17	238.75	30
3485.225	242	29.75
3545.256	244	30
3605.311	244.75	30.25
3665.354	243	30.75
3725.404	239.75	29.75
3785.455	238	30
3845.498	240.25	29.25
3905.533	243.5	30
3965.584	244.75	30.25
4025.623	246	30.75
4085.678	244.25	30.75
4145.721	240.5	30.25
4205.771	239.75	29.75
4265.814	240.75	29.75
4325.857	243.75	30.25
4385.9	246.75	30.5
4445.939	247	31.25
4505.99	244.75	30.75
4566.049	242.25	30.25
4626.08	241.25	29.75
4686.131	243.25	30.25
4746.182	245.25	30.25
4806.217	246.5	30.75
4866.264	248	30.5
4926.318	244.25	30
4986.35	240.25	30.5
5046.4	241.5	29.5
5106.447	243.5	29.5
5166.49	246.25	30.25
5226.537	248.5	31
5286.588	249.5	30.75
5346.635	244.75	30.75
5406.674	241.75	30.5
5466.721	242	29.75
5526.775	244.75	29.75
5586.807	247.75	30.75
5646.857	248.75	31.25
5706.904	247.75	31
5766.947	243.25	30.5
5826.998	242	30.25
5887.033	242.75	30.25
5947.076	245.75	30.25
6007.131	248.25	31.25
6067.178	249.5	31.25
6127.217	246.5	31.25
6187.268	243	30.25
6247.311	242	30
6307.361	244.75	30.5
6367.412	247.25	30.25
6427.451	248	30.5
6487.494	249.75	31.25
6547.541	246.5	31
6607.576	242.75	30.25
6667.639	242.5	30.25
6727.674	245.25	30.5
6787.721	248	30.5
6847.768	248.75	31.25
6907.818	249.25	31
6967.861	245.5	31
7027.912	243.25	30.5
7087.951	243	29.5
7148.002	245.25	30.25
7208.049	248.5	30.75
7268.084	250.75	31
7328.127	249.5	31
7388.178	244.5	30.25
7448.229	243.5	30.25
7508.268	245.5	30.25
7568.311	247	30.75
7628.357	248.5	31.25
7688.4	249.25	31
7748.447	245.25	30.75
7808.498	243.5	30.25
7868.541	243.5	30.5
7928.596	247	30
7988.639	247.5	31
8048.67	249.25	31
8108.721	248.5	31
8168.771	243.75	30.5
8228.811	244	30.5
8288.85	245.5	30.5
8348.904	247.25	30.75
8408.943	248.75	31
8468.99	250.25	31.25
8529.049	246	31
8589.088	243	30.25
8649.139	244.75	30.25
8709.186	246.25	30
8769.221	249	30.75
8829.268	250	31.25
8889.314	248.5	30.75
8949.365	244.5	31
9009.412	244	30.5
9069.443	245.75	29.75
9129.494	247.25	30.75
9189.545	250.25	31
9249.576	248.5	30.75
9309.627	245	30.75
9369.674	243.5	30.5
9429.725	244.5	30.5
9489.771	247	30.5
9549.811	248.5	31
9609.854	249.5	31
9669.904	246	30.75
9729.951	242.5	30.25
9790.002	243.5	30
9850.049	244.5	30.25
9910.08	247.5	30.75
9970.131	249	31.5
10030.18	249.25	31.25
10090.23	246	30.5
10150.28	243.25	30.25
10210.32	243.75	29.75
10270.36	245.5	30.5
10330.41	247.5	30.75
10390.46	249	31
10450.5	249.5	31
10510.53	247.25	31.25
10570.59	244.75	30.5
10630.64	243	30.25
10690.69	243.5	30.25
10750.72	246.5	30.75
10810.76	248.5	31
10870.82	249	30.75
10930.86	246.25	31.25
10990.91	244	30.75
11050.96	243.75	30.75
11111.01	245.75	30.5
11171.04	245.5	30.75
11231.09	244	30
11291.14	244	30.25
11351.19	244	30.25
11411.24	243.5	30.25
11471.27	243.25	29.5
11531.33	243.75	30.5
11591.37	245.5	30.75
11651.42	245.75	30.75
11711.46	245.75	30.25
11771.51	245.25	30.75
11831.54	245	30.75
11891.6	244	30.75
11951.65	243.75	30.75
12011.68	243	30.25
12071.73	242.75	30.25
12131.78	243	30.25
12191.83	244.5	31
12251.87	243.75	30.25
12311.91	246.25	30.5
12371.96	245.75	30.5
12432	246.25	30.5
12492.05	246	30.75
12552.09	244.75	30.25
12612.15	244.25	30.5
12672.19	243	30.5
12732.27	243	30.25
12792.28	241.75	30
12852.32	243.5	30.25
12912.36	243.75	30.5
12972.42	245	30.25
13032.46	245.5	29.75
13092.51	246	30
13152.54	247.5	31
13212.6	249.5	30.75
13272.65	249.5	31.25
13332.68	246.75	30.75
13392.73	245.75	30.5
13452.78	244	30.25
13512.83	245.25	30.25
13572.87	247.5	30.25
13632.92	246.5	30.75
13692.96	245.5	30.5
13753	244	30.25
13813.06	245	30.25
13873.09	244.75	30.25
13933.15	243.75	30
13993.18	243	30.5
14053.23	242.75	30.25
14113.28	242.75	30.25
14173.33	244.5	30.25
14233.37	244	30
14293.42	245.75	30
14353.47	247	30.25
14413.51	246.5	30.75
14473.56	245.5	30
14533.6	244.75	30.75
14593.63	244.75	30.25
14653.68	243.75	30
14713.74	243.5	30.25
14773.77	243.5	30.5
14833.83	245.25	30.5
14893.86	246	30.5
14953.91	246.25	30.25
15013.96	246.25	30.5
15074	245.25	30.5
15134.05	244.25	30.5
15194.1	243.75	29.75
15254.14	243.75	30
15314.19	243.5	30.25
15374.23	243.25	30
15434.28	243	30.25
15494.32	244	29.5
15554.37	245.25	30.25
15614.42	245.5	30.75
15674.46	246	30.5
15734.49	248.5	30.75
15794.54	249.5	31.25
15854.6	245.5	30.5
15914.63	243	30.25
15974.69	243.75	30.25
16034.74	245.5	30.25
16094.77	248	30.5
16154.81	249	31
16214.87	249.75	31.5
16274.91	247	31
16334.96	244.75	30
16395	243.25	30.5
16455.04	243.5	30.5
16515.09	244	30.25
16575.14	243.75	30.75
16635.19	241.75	30.25
16695.22	243	30.5
16755.27	243.5	30.75
16815.32	244	30.75
16875.37	244.75	30.5
16935.4	245.75	30.25
16995.46	244.5	31
17055.5	243.5	30
17115.54	242.5	30
17175.6	241.25	30.25
17235.65	241.75	30.25
17295.68	241.75	30
17355.73	242	29.75
17415.77	242	30.75
17475.81	240.5	30.25
17535.86	241	30.25
17595.91	240.5	29.75
17655.95	241.5	30.5
17716	242.5	30.5
17776.05	243.5	31
17836.09	244.5	30.75
17896.13	243	30.25
17956.18	242.5	30.5
18016.23	241.25	30
18076.27	242.25	31.25
18136.31	241.25	30.5
18196.37	241	30.25
18256.41	240.75	30.5
18316.46	241	30.5
18377.67	240.5	30.75
18437.72	241.25	30
18497.77	242.25	29.75
18557.81	243.25	30
18617.87	243	30.5
18677.91	242.75	30.5
18737.96	241.75	30.75
18798	241.75	30.25
18858.05	241.25	30.25
18918.1	240.25	30.25
18978.13	240.5	30.25
19038.19	240.75	29.25
19098.23	242.25	30.25
19158.27	244.25	30
19218.32	244.5	30.25
19278.36	246.5	30.75
19338.41	246	31.25
19398.46	243.75	31
19458.5	241	30
19518.54	241	30.75
19578.59	242.5	30.25
19638.64	244	31
19698.67	245.75	30.75
19758.71	245.5	30
19818.78	243.5	31
19878.82	242	30.75
19938.86	242	30.5
19998.9	241.5	30
20058.94	240.5	30.25
20119	241.25	30.5
20179.04	240.75	29.75
20239.09	241.25	29.75
20299.14	240.25	29.5
20359.18	240.25	30
20419.23	242.5	30.25
20479.27	244	30.25
20539.32	244.75	30
20599.37	244	30.5
20659.41	242	30.25
20719.46	241.25	30.5
20779.5	241.25	30
20839.55	240.5	30.75
20899.59	242	30.5
20959.63	242.25	30.25
21019.68	243.75	30.5
21079.73	243.25	30.75
21139.77	243	29.75
21199.82	243	30.25
21259.87	241.5	29.75
21319.91	240.75	30.25
21379.96	241.5	30.25
21439.99	241	30
21500.04	241.25	31.5
21560.09	242.75	30
21620.14	244	30.5
21680.18	242.75	30.25
21740.22	242.5	30.5
21800.27	242.5	30.25
21860.32	241	30.25
21920.37	240.75	29.25
21980.41	241.75	30.25
22040.45	241.25	30.5
22100.5	241	30
22160.54	242.25	30.5
22220.59	244	29.25
22280.63	244.25	30.75
22340.68	244	29.75
22400.72	242.25	30.5
22460.77	242.5	30.25
22520.81	242.25	30
22580.86	241.75	30.25
22640.91	241.5	30
22700.95	241.5	30.25
22760.99	242.25	30.75
22821.04	242.75	30.25
22881.09	244.5	30.75
22941.13	243.75	29.75
23001.18	243	30
23061.22	242.5	30.25
23121.27	242	30.5
23181.32	242.5	29.75
23241.36	241	30
23301.4	241.5	30.5
23361.46	240.75	30.25
23421.5	241.5	29.75
23481.54	241.75	30
23541.59	240.5	29.5